%YAML:1.0
cameraMatrix: !!opencv-matrix
   rows: 3
   cols: 3
   dt: d
   data: [ 9.5646164477484660e+02, 0., 6.1471616205337500e+02, 0.,
       9.6671041770705665e+02, 3.8994457565567876e+02, 0., 0., 1. ]
imageSize_width: 1280
imageSize_height: 720
sensorSize_width: 0
sensorSize_height: 0
distCoeffs: !!opencv-matrix
   rows: 5
   cols: 1
   dt: d
   data: [ -4.9742436421781465e-02, 7.6640907147605364e-01,
       -1.5486637180482678e-03, -4.6970445073231974e-03,
       -1.8221594746448817e+00 ]
reprojectionError: 1.0985991954803467e+00
features:
   - [ 4.03665039e+02, 5.15171326e+02, 4.49520020e+02, 4.80329987e+02,
       4.92353363e+02, 4.47010406e+02, 5.32479187e+02, 4.16489716e+02,
       5.70630066e+02, 3.86014526e+02, 6.06783020e+02, 3.57372406e+02,
       6.40941345e+02, 3.30848450e+02, 6.73293030e+02, 3.05567413e+02,
       4.44525757e+02, 5.57508118e+02, 4.89567688e+02, 5.20160339e+02,
       5.32099060e+02, 4.84919708e+02, 5.71674377e+02, 4.50539917e+02,
       6.09650879e+02, 4.18560974e+02, 6.45809937e+02, 3.87442352e+02,
       6.79730225e+02, 3.57624786e+02, 7.11387268e+02, 3.31657898e+02,
       4.86753723e+02, 6.00155396e+02, 5.31321594e+02, 5.60539795e+02,
       5.73370972e+02, 5.21552002e+02, 6.12741760e+02, 4.85497498e+02,
       6.50777466e+02, 4.51181000e+02, 6.85857056e+02, 4.19138123e+02,
       7.19044678e+02, 3.88709717e+02, 7.50948975e+02, 3.59947266e+02,
       5.30531250e+02, 6.44361145e+02, 5.74941284e+02, 6.00506958e+02,
       6.16341858e+02, 5.60055969e+02, 6.55420105e+02, 5.21848083e+02,
       6.92351318e+02, 4.86227234e+02, 7.27417480e+02, 4.51547607e+02,
       7.59947327e+02, 4.19737091e+02, 7.91158630e+02, 3.89293945e+02,
       5.76176819e+02, 6.88946106e+02, 6.19910767e+02, 6.42832520e+02,
       6.60985107e+02, 5.99702271e+02, 6.99492126e+02, 5.59749939e+02,
       7.35870972e+02, 5.21646423e+02, 7.70140625e+02, 4.85496552e+02,
       8.02705994e+02, 4.51542999e+02, 8.33743286e+02, 4.19411774e+02 ]
   - [ 1.45415695e+02, 4.51887360e+02, 1.97437866e+02, 4.21586609e+02,
       2.47603226e+02, 3.91427948e+02, 2.95730621e+02, 3.63270752e+02,
       3.41348328e+02, 3.34701172e+02, 3.85256256e+02, 3.07831635e+02,
       4.26817230e+02, 2.82189545e+02, 4.67878052e+02, 2.56588989e+02,
       1.77484192e+02, 4.97459686e+02, 2.28995255e+02, 4.64657440e+02,
       2.78925995e+02, 4.33543915e+02, 3.26082794e+02, 4.02177338e+02,
       3.70917114e+02, 3.72348633e+02, 4.14651093e+02, 3.44073395e+02,
       4.56449127e+02, 3.16370453e+02, 4.97220734e+02, 2.90348969e+02,
       2.09644882e+02, 5.42581543e+02, 2.60687622e+02, 5.08725006e+02,
       3.09481781e+02, 4.74573761e+02, 3.56530029e+02, 4.42489868e+02,
       4.01636078e+02, 4.10984467e+02, 4.45074890e+02, 3.81571198e+02,
       4.86977844e+02, 3.53175720e+02, 5.27453430e+02, 3.25496796e+02,
       2.41885696e+02, 5.88473816e+02, 2.92500458e+02, 5.52043457e+02,
       3.41344452e+02, 5.17109192e+02, 3.87899719e+02, 4.83367950e+02,
       4.33385834e+02, 4.51465607e+02, 4.76407440e+02, 4.20313995e+02,
       5.17951477e+02, 3.90832123e+02, 5.58696045e+02, 3.61814148e+02,
       2.74713623e+02, 6.34445740e+02, 3.24705780e+02, 5.96843140e+02,
       3.73713593e+02, 5.60456848e+02, 4.20067078e+02, 5.25820557e+02,
       4.64952850e+02, 4.91915497e+02, 5.08432098e+02, 4.60218903e+02,
       5.50285950e+02, 4.28862122e+02, 5.90773010e+02, 3.98728363e+02 ]
   - [ 5.59052124e+02, 5.42646362e+02, 5.93917542e+02, 4.99025208e+02,
       6.27923767e+02, 4.56028015e+02, 6.60199463e+02, 4.15804474e+02,
       6.91745667e+02, 3.74151550e+02, 7.21049011e+02, 3.37206116e+02,
       7.49083984e+02, 3.02500275e+02, 7.75962769e+02, 2.67790527e+02,
       6.06757812e+02, 5.79355042e+02, 6.41448303e+02, 5.33099976e+02,
       6.74306702e+02, 4.89127655e+02, 7.06730591e+02, 4.45013702e+02,
       7.37320007e+02, 4.03647339e+02, 7.65846680e+02, 3.64408600e+02,
       7.93901794e+02, 3.26417175e+02, 8.19947754e+02, 2.92074707e+02,
       6.56383789e+02, 6.15254211e+02, 6.89431763e+02, 5.67440674e+02,
       7.22048462e+02, 5.20746216e+02, 7.53588074e+02, 4.76395569e+02,
       7.83856445e+02, 4.33253448e+02, 8.12542175e+02, 3.92509155e+02,
       8.39731506e+02, 3.54173431e+02, 8.66914795e+02, 3.18329895e+02,
       7.06500671e+02, 6.52649109e+02, 7.39805908e+02, 6.02174805e+02,
       7.70977051e+02, 5.54304077e+02, 8.01962341e+02, 5.08220093e+02,
       8.31642761e+02, 4.64750092e+02, 8.60164307e+02, 4.21607727e+02,
       8.86319275e+02, 3.82768250e+02, 9.12168274e+02, 3.43234314e+02,
       7.58213379e+02, 6.89872925e+02, 7.91074158e+02, 6.37632690e+02,
       8.21845032e+02, 5.89141113e+02, 8.52004639e+02, 5.41346741e+02,
       8.80910461e+02, 4.95910278e+02, 9.08330750e+02, 4.52935059e+02,
       9.34727295e+02, 4.09717560e+02, 9.61117065e+02, 3.70543610e+02 ]
   - [ 2.08781021e+02, 3.80892639e+02, 2.70801208e+02, 3.87490082e+02,
       3.30686920e+02, 3.94842621e+02, 3.87176544e+02, 4.02170563e+02,
       4.42226288e+02, 4.08726746e+02, 4.93345123e+02, 4.14272125e+02,
       5.44586609e+02, 4.19435059e+02, 5.93308167e+02, 4.24288513e+02,
       1.99002670e+02, 4.35521729e+02, 2.62806030e+02, 4.41563110e+02,
       3.24242432e+02, 4.47951294e+02, 3.83475342e+02, 4.53161255e+02,
       4.38483154e+02, 4.59203613e+02, 4.92455872e+02, 4.64706024e+02,
       5.42973389e+02, 4.69452332e+02, 5.93829834e+02, 4.73649719e+02,
       1.90254822e+02, 4.93432953e+02, 2.55633072e+02, 4.98512604e+02,
       3.18914185e+02, 5.02793915e+02, 3.79289856e+02, 5.07693085e+02,
       4.36091095e+02, 5.12197693e+02, 4.91400360e+02, 5.16656921e+02,
       5.42830933e+02, 5.20523315e+02, 5.94054810e+02, 5.24031738e+02,
       1.79464478e+02, 5.53550598e+02, 2.46846329e+02, 5.58277588e+02,
       3.11859802e+02, 5.61543945e+02, 3.74876099e+02, 5.65187988e+02,
       4.32815033e+02, 5.68275391e+02, 4.89782593e+02, 5.70693176e+02,
       5.43275879e+02, 5.74236328e+02, 5.94199768e+02, 5.76827881e+02,
       1.70366150e+02, 6.16683167e+02, 2.39534775e+02, 6.20223755e+02,
       3.05940552e+02, 6.23144836e+02, 3.69426178e+02, 6.25294250e+02,
       4.30351807e+02, 6.26630798e+02, 4.88010498e+02, 6.28543701e+02,
       5.42455261e+02, 6.30317383e+02, 5.94881531e+02, 6.32157593e+02 ]
   - [ 5.05387054e+02, 6.31342712e+02, 5.28340759e+02, 5.91908997e+02,
       5.50814331e+02, 5.54489624e+02, 5.73506531e+02, 5.20752747e+02,
       5.95037415e+02, 4.87618958e+02, 6.15106750e+02, 4.54677826e+02,
       6.34079834e+02, 4.21693451e+02, 6.51982971e+02, 3.88398315e+02,
       5.39557556e+02, 6.47497925e+02, 5.62700195e+02, 6.07417419e+02,
       5.86243530e+02, 5.70649414e+02, 6.08110474e+02, 5.34955627e+02,
       6.29544739e+02, 5.00692993e+02, 6.49696106e+02, 4.67533844e+02,
       6.68827820e+02, 4.34372375e+02, 6.86819641e+02, 4.01431427e+02,
       5.76420471e+02, 6.66132080e+02, 6.00077576e+02, 6.25463379e+02,
       6.22522156e+02, 5.86125549e+02, 6.44192566e+02, 5.49594788e+02,
       6.65296021e+02, 5.14242493e+02, 6.85374634e+02, 4.80243469e+02,
       7.04604797e+02, 4.47526947e+02, 7.22447815e+02, 4.13549164e+02,
       6.15046082e+02, 6.85179932e+02, 6.38604858e+02, 6.43271606e+02,
       6.60891357e+02, 6.03303040e+02, 6.82348816e+02, 5.64916443e+02,
       7.02719299e+02, 5.28641113e+02, 7.22479736e+02, 4.92824188e+02,
       7.41507568e+02, 4.59563843e+02, 7.59509583e+02, 4.26508698e+02,
       6.54499390e+02, 7.04048523e+02, 6.78271729e+02, 6.61261780e+02,
       7.00608093e+02, 6.20162964e+02, 7.21615845e+02, 5.80947754e+02,
       7.41867310e+02, 5.43395996e+02, 7.61408813e+02, 5.07092804e+02,
       7.79584473e+02, 4.72538269e+02, 7.97271423e+02, 4.39227631e+02 ]
   - [ 4.32928772e+02, 5.81951721e+02, 4.55695282e+02, 5.47021057e+02,
       4.80477722e+02, 5.14967834e+02, 5.03581940e+02, 4.83666901e+02,
       5.26873413e+02, 4.53373749e+02, 5.47789062e+02, 4.22885101e+02,
       5.68162720e+02, 3.92442688e+02, 5.86731506e+02, 3.61250916e+02,
